goto @values

:value_hack_1
0AC6: 2@ = label @value_hack_3 offset 
0A90: 0@ = 0@ * 5 
0A8E: 7@ = 2@ + 0@ 
0A8C: write_memory 7@ size 4 value 1@ virtual_protect 1 
0AB2: ret 0 

:value_hack_2
0AC6: 2@ = label @value_hack_3 offset 
0A90: 0@ = 0@ * 5
0A8E: 7@ = 2@ + 0@ 
0A8D: 6@ = read_memory 7@ size 4 virtual_protect 1 
0AB2: ret 1 6@

:value_hack_3
hex
00 00 00 00 00
00 00 00 00 00
00 00 00 00 00
00 00 00 00 00
00 00 00 00 00
00 00 00 00 00
00 00 00 00 00
00 00 00 00 00
00 00 00 00 00
00 00 00 00 00
00 00 00 00 00
00 00 00 00 00
00 00 00 00 00
00 00 00 00 00
00 00 00 00 00
00 00 00 00 00
00 00 00 00 00
00 00 00 00 00
00 00 00 00 00
00 00 00 00 00
00 00 00 00 00
00 00 00 00 00
00 00 00 00 00
00 00 00 00 00
00 00 00 00 00
00 00 00 00 00
00 00 00 00 00
00 00 00 00 00
00 00 00 00 00
00 00 00 00 00
00 00 00 00 00
end

:values
